50

1 5
4 5
1 7

94 36
16 12
94 12

428685712 189641422
596516650 23000073
596516650 189641422

783368691 19632786
478160381 19632786
783368691 102520060

365180541 540383427
304089172 222688882
365180541 222688882

14660871 521595369
35005212 521595369
35005212 162170322

336465783 233665123
278722862 233665123
278722862 861021531

85295453 468703136
85295453 395870394
145174068 395870394

106596977 635723059
315634023 635723059
106596977 490175108

28561071 89018457
59961394 89018457
59961394 54145816

72427041 653377374
131176230 653377374
72427041 607790171

517747628 756898538
517747628 459797248
608413785 459797248

80978201 38664371
80978201 30146042
149798316 30146042

412776092 424268981
260655588 324972892
260655588 424268981

18258955 42999171
18258955 6499768
137806863 6499768

402370166 84420926
511702306 84420926
402370166 54496881

233090509 159126506
572660337 159126506
572660337 41356669

100661314 84353895
34341670 433925858
34341670 84353895

939819583 1100546
119259648 1100546
939819583 865691

153313173 174323385
153313173 585990365
610515435 174323385

477171088 356426809
467946188 107813133
467946188 356426809

491705403 499715481
780695789 499715481
491705403 709393585

549214422 314870260
752392755 474612400
549214422 474612400

411549677 843993369
120848385 296223274
411549677 296223274

0 1
0 0
1 0

6 1
2 0
6 0

68 2
68 0
49 0

35060062 56690263
330573318 603570493
330573318 56690263

959997302 107649160
402724286 107649160
959997302 485560281

194953866 894429690
194953866 158487239
169274578 894429690

177724267 270744730
177724267 8639737
221558441 270744730

114738098 690387
92977305 7905772
114738098 7905772

610120710 498777856
21583857 498777856
610120710 791698928

72075088 524872354
255179498 522532257
72075088 522532257

82950912 192099256
269455307 703964684
269455307 192099256

160051529 31061285
112805732 31061285
160051529 40332872

199620254 26773308
378409504 26773308
378409504 515530020

409959709 77486716
409959709 4297113
143347213 4297113

113403633 289700724
200747797 289700724
113403633 168002245

90155839 2269747
90155839 439493452
150122847 2269747

111537764 338888228
231192380 622597489
111537764 622597489

141527089 438792351
147469842 269441500
147469842 438792351

142757035 116087765
13628669 116087765
142757035 39237149

6321447 982275857
6321447 387346491
8936988 982275857

350322228 77985204
209098719 841148366
350322228 841148366

473165004 186452552
771151433 39636468
771151433 186452552

187594922 213975408
476153276 128448265
187594922 128448265

653468859 130794396
585567170 130794396
585567170 53539693

605908236 203599252
605908236 350573794
76065818 203599252

0 1
1 1
1 0
