25

8 9
5 3 8 1 4 8 8 1 5

9 10
1 7 3 3 7 9 8 9 8 8

10 8
1 8 10 8 9 9 7 6

8 7
8 7 6 5 2 4 1

7 10
6 2 6 2 5 3 4 2 1 1

91 100
87 63 58 5 60 12 16 24 29 26 70 3 47 42 67 17 55 24 10 76 4 19 71 73 2 41 77 41 67 63 37 76 13 14 24 4 53 66 80 45 80 87 35 11 54 83 13 23 88 27 69 11 51 18 23 57 70 86 27 27 55 52 90 89 8 60 78 52 2 77 17 43 3 13 38 87 1 67 31 44 72 66 48 79 10 32 76 6 31 45 58 67 29 52 26 45 7 65 65 46

91 92
82 43 52 47 62 38 19 43 88 18 42 2 76 23 85 35 68 73 79 65 55 29 82 86 26 85 35 90 49 43 55 53 9 87 67 34 80 35 57 44 53 78 74 4 89 38 52 22 25 54 37 85 52 90 50 45 9 40 7 80 62 89 50 20 10 27 72 83 11 49 87 1 84 43 31 59 18 48 42 40 76 62 7 28 51 71 70 12 20 30 28 9

94 95
3 53 86 92 36 38 44 89 76 92 24 24 74 79 42 7 70 35 8 67 87 5 73 5 10 54 39 81 85 19 61 9 80 13 9 13 13 73 7 9 51 71 70 66 68 18 43 53 54 62 24 16 1 43 10 1 56 45 15 25 13 15 38 5 44 33 39 29 44 10 33 4 33 6 17 24 5 16 24 32 2 24 6 28 7 20 8 11 24 21 4 6 12 11 6

90 91
89 60 48 35 30 39 20 40 35 45 41 76 50 9 88 58 37 33 89 8 72 5 16 64 88 22 13 85 77 45 80 73 2 65 50 5 56 62 13 84 54 85 2 19 65 75 86 55 45 79 55 69 25 20 46 65 61 52 25 65 63 56 15 28 18 54 40 80 81 62 26 67 74 4 89 24 89 64 65 53 67 26 76 27 44 63 39 39 75 90 90

90 91
1 67 54 85 75 29 73 1 11 75 44 74 4 36 66 51 26 45 10 51 59 12 89 31 71 28 10 86 42 6 50 70 1 68 5 60 69 59 81 22 31 11 40 32 12 62 30 28 59 47 67 30 51 85 56 77 48 6 68 47 31 1 59 60 26 55 73 70 42 7 76 75 33 2 72 67 29 57 30 39 23 10 33 3 18 32 20 59 46 58 14

91 96
45 83 22 9 78 76 74 79 15 24 76 28 46 83 13 69 32 15 83 11 75 8 70 10 38 89 88 68 58 16 68 72 82 53 83 35 12 81 73 43 81 49 29 31 56 68 53 77 56 21 49 90 55 31 57 69 17 27 2 88 48 67 11 1 47 16 91 8 46 88 6 8 35 84 81 66 15 49 17 78 16 77 55 26 31 45 27 11 24 57 67 58 36 44 63 32

98 98
79 78 40 47 94 30 14 55 33 52 27 72 75 26 49 36 32 26 19 14 10 28 45 65 33 22 19 5 31 54 71 57 34 76 75 2 74 49 37 18 64 68 35 38 33 54 63 12 55 27 51 39 57 7 40 51 19 31 43 33 44 20 45 13 30 15 2 42 10 1 36 28 2 7 14 34 14 24 8 9 17 10 24 11 20 14 1 22 10 19 18 12 17 5 11 12 13 2

94 99
5 57 11 65 10 72 16 91 37 47 25 59 40 43 10 49 49 43 89 54 93 70 40 51 54 54 88 68 12 65 55 12 86 9 6 66 70 2 80 3 38 77 62 48 27 57 71 41 39 13 16 56 9 51 7 35 18 44 1 54 8 58 12 1 24 40 15 25 15 29 41 23 10 10 44 19 18 28 3 12 10 21 36 6 15 2 13 9 8 9 15 21 19 10 23 21 16 7 7

95 92
87 21 40 77 60 42 12 70 55 79 78 70 4 35 70 11 76 64 26 56 47 16 66 37 37 37 23 20 58 26 13 19 45 50 7 53 36 25 24 37 50 12 34 51 46 6 5 47 33 9 19 34 21 24 28 40 10 23 36 6 27 7 24 13 23 14 15 25 24 14 10 3 16 3 2 14 6 16 7 3 9 5 12 2 1 2 2 1 5 5 1 2

96 94
85 67 35 5 81 39 52 23 66 47 46 33 1 58 52 40 1 75 76 42 9 10 9 32 40 18 55 4 58 30 68 16 59 72 7 42 2 62 23 49 20 28 60 55 91 5 92 83 37 3 3 86 70 80 17 7 14 75 92 89 20 5 68 95 67 62 10 14 21 77 94 37 53 83 80 15 90 65 82 63 57 9 9 87 96 95 95 64 92 91 7 89 4 61

989 995
740 162 393 370 691 49 238 864 203 233 85 929 827 372 987 696 378 86 663 416 578 968 765 359 253 51 461 407 255 494 209 36 288 668 537 635 468 886 889 366 186 202 400 448 181 256 252 985 18 372 736 880 475 323 782 371 867 291 861 664 639 836 660 284 335 756 525 582 459 936 668 656 678 521 167 436 229 699 600 139 737 189 509 588 371 495 795 778 878 412 26 284 301 193 673 730 488 437 550 477 75 116 3 197 723 569 916 935 984 439 160 908 426 941 501 111 213 859 815 369 18 622 295 290 665 445 690 862 50 965 891 385 703 260 386 548 404 679 655 829 434 209 742 608 381 446 911 591 673 657 864 677 220 989 257 66 582 914 588 548 969 303 183 961 619 562 350 293 845 784 692 729 311 235 285 554 761 450 873 758 223 675 200 631 305 335 50 967 715 845 842 673 362 535 419 673 692 972 550 361 310 146 602 15 259 416 541 726 199 29 304 460 965 836 143 78 944 17 901 471 767 421 123 218 869 562 757 941 622 765 7 949 465 861 988 640 519 509 617 673 117 805 469 758 162 366 120 586 364 980 907 7 479 283 595 967 952 951 246 21 588 433 165 140 962 436 637 278 784 671 533 922 554 204 168 809 354 594 505 271 550 117 893 76 618 623 858 730 562 397 799 488 641 251 306 952 429 281 788 307 194 146 152 322 853 331 357 119 407 358 449 19 240 597 213 270 889 181 278 86 151 591 623 256 684 206 103 110 983 90 134 249 468 805 770 924 351 644 126 613 361 59 679 15 588 921 411 26 523 880 160 529 767 747 382 19 259 399 60 743 425 586 469 898 354 404 893 733 744 750 541 329 61 773 71 298 957 670 737 356 850 109 593 578 411 292 67 141 300 115 530 548 568 199 537 961 883 511 149 106 219 308 648 98 496 819 919 717 276 625 893 479 32 465 486 267 671 222 902 617 916 199 121 500 11 503 848 102 937 487 76 855 743 575 352 413 293 278 636 156 606 306 43 386 656 942 656 708 217 368 550 965 186 415 808 862 302 575 315 91 619 448 903 650 881 851 236 76 712 736 630 979 479 753 791 974 246 105 23 262 247 333 493 826 606 110 765 215 748 443 785 485 560 537 458 137 980 504 867 102 282 982 563 487 150 903 351 623 337 972 139 430 739 501 513 597 543 174 507 332 442 796 560 132 253 897 177 963 569 983 151 398 712 940 116 825 618 714 80 242 78 99 859 767 175 295 21 504 384 349 568 578 361 66 263 853 297 331 939 344 464 58 637 975 977 912 24 286 780 441 462 585 430 879 538 979 437 428 574 7 48 966 692 718 469 272 835 654 255 981 851 438 202 180 493 453 736 880 310 22 185 869 175 144 382 212 296 74 504 305 112 767 480 315 5 168 794 250 887 143 585 881 282 18 90 763 134 664 927 663 321 631 659 202 791 40 298 59 910 206 411 159 200 928 228 702 453 877 634 460 181 246 931 404 719 416 337 229 723 44 854 134 107 13 58 547 395 247 709 634 632 34 666 149 638 895 219 680 280 801 874 134 393 669 728 851 545 556 779 90 632 573 300 36 499 280 172 784 789 115 888 367 370 707 299 873 238 734 741 675 230 49 77 492 561 462 522 293 679 634 581 41 318 502 797 101 110 104 712 306 157 307 335 748 9 587 293 144 581 727 716 422 533 116 511 111 58 202 563 772 37 45 437 42 25 801 564 659 492 110 370 619 90 360 594 728 636 366 55 608 240 168 655 223 508 398 382 524 149 714 744 116 193 300 593 744 735 334 643 588 68 568 454 766 727 455 91 292 570 62 152 23 202 285 634 564 661 715 535 230 71 76 263 776 145 753 132 701 582 508 768 201 766 401 156 127 13 436 760 300 3 117 74 156 71 324 71 570 199 238 458 601 291 73 578 710 148 481 581 657 511 529 693 47 96 321 727 633 707 228 613 58 309 594 670 711 545 390 565 70 208 392 266 187 635 320 209 192 268 258 500 406 666 21 704 161 306 311 415 186 491 230 536 237 364 464 392 155 105 205 678 39 489 624 629 181 583 47 594 605 176 651 520 157 653 371 162 240 106 52 654 358 533 194 345 176 190 112 355 656 336 421 328 415 474 237 416 360 191 630 390 292 31 586 114 336 460 293 486 303 231 412 172 627 446 580 320 233 330 479 33 548 352 513 410 510 442 97 21 196 102 600 599 475 257 276 600 319 116 427 263 253 169 442 75 600 87 218 107 339 520 60 359 546 582

994 991
236 227 210 789 529 356 836 73 228 656 756 257 714 862 232 133 892 764 681 885 120 300 264 552 972 827 212 496 332 167 846 300 443 191 476 234 985 288 275 497 936 289 781 719 787 361 79 541 904 767 385 387 829 891 522 882 88 982 630 734 829 418 563 274 699 531 232 519 343 167 771 751 858 200 862 27 543 770 36 810 598 101 14 776 118 643 951 396 942 40 753 714 875 979 909 916 313 413 840 354 196 721 735 958 528 550 458 508 433 535 100 774 187 532 640 828 648 146 306 291 316 526 591 581 210 527 513 352 787 814 944 493 267 531 222 515 520 579 247 510 586 520 292 345 529 684 928 472 973 783 135 891 119 893 543 521 284 406 668 978 393 70 514 98 662 51 673 28 748 376 606 67 10 103 910 520 665 196 491 49 652 920 782 844 749 790 319 620 739 542 866 619 655 262 930 101 215 977 78 28 99 142 12 358 991 74 46 641 159 665 470 881 67 546 41 767 201 376 397 911 437 135 407 35 35 598 50 191 200 413 603 833 456 117 532 136 605 588 363 324 528 890 909 32 506 905 165 901 716 773 893 274 415 419 707 403 898 250 819 843 434 781 37 742 232 742 852 430 307 748 798 524 751 939 12 596 343 224 493 799 835 138 439 32 489 338 522 103 764 587 654 336 200 954 178 979 541 983 322 608 812 556 317 611 316 318 50 617 324 357 28 129 710 293 419 945 840 681 1 361 465 105 897 890 452 644 204 55 774 620 489 555 371 896 889 185 227 685 294 452 854 699 932 889 702 527 917 635 496 524 149 549 682 105 698 849 305 443 516 716 513 630 612 916 172 351 414 219 81 650 663 151 721 854 904 663 609 771 262 798 654 288 576 465 898 151 772 194 177 525 948 828 872 382 361 1 810 871 333 939 615 943 881 895 331 434 69 269 843 477 837 433 491 327 361 662 38 687 678 214 901 415 20 975 83 702 480 526 753 339 543 257 553 87 251 153 219 357 900 985 6 313 169 231 142 842 426 165 699 505 248 379 662 694 256 518 703 736 466 691 314 682 657 267 919 452 914 719 869 809 118 499 140 300 474 870 427 833 737 35 13 395 153 851 109 918 17 696 97 530 473 946 436 473 264 127 225 975 567 622 491 897 46 381 45 297 648 557 457 315 979 645 922 401 599 77 988 106 989 231 672 748 464 771 758 141 181 794 698 3 84 732 294 48 691 319 251 115 683 525 811 306 43 723 162 614 524 626 817 162 518 584 118 876 860 547 59 267 607 53 116 781 344 287 451 24 260 239 962 330 398 180 919 151 245 782 817 940 614 564 68 23 849 38 835 360 659 362 298 986 775 594 745 364 293 587 828 287 260 259 146 404 23 614 428 940 7 941 986 209 868 303 489 883 818 683 22 251 725 557 454 180 359 884 841 801 888 795 986 160 184 515 262 279 738 623 917 265 883 936 913 362 880 667 290 935 962 460 696 409 320 63 656 662 669 485 111 934 756 547 945 627 9 657 651 105 242 653 647 524 337 867 422 776 443 24 207 759 705 104 224 899 531 818 243 44 551 467 972 259 974 377 432 860 733 964 24 54 493 371 981 989 574 508 701 839 41 241 179 810 41 725 770 727 53 935 561 749 300 208 319 200 261 411 643 200 269 458 704 829 819 978 86 781 86 393 196 287 289 178 751 53 194 47 54 919 35 688 981 169 799 869 56 715 595 95 982 341 705 644 506 795 798 833 365 428 500 398 960 677 569 169 332 121 153 148 795 585 963 110 720 363 17 399 347 880 729 81 946 12 243 782 452 972 880 164 859 834 186 888 195 898 40 867 829 941 515 232 562 602 228 140 874 677 29 710 921 415 645 358 580 438 97 57 841 553 6 491 800 942 724 498 740 839 450 369 815 445 186 462 232 303 61 935 297 103 307 993 125 258 651 124 775 828 515 823 854 446 571 337 813 378 638 537 709 164 646 36 120 128 133 260 508 151 68 85 981 141 979 9 662 207 972 974 293 487 517 863 402 923 444 135 478 570 244 682 375 211 419 315 802 336 345 916 228 784 351 340 180 111 61 423 888 294 172 397 333 854 164 335 802 641 471 655 754 243 914 271 270 515 630 927 164 675 128 317 294 448 344 893 317 916 441 650 865 231 549 57 776 145 438 742 723 424 781 352 149 865 473 638 128 498 399 228 158 166 288 615 889 212 540 563 195 331 557 589 437 92 303 48 386 704 123 204 432 404 37 619 838 221 346

971 980
811 927 41 16 145 415 868 267 708 524 350 59 671 281 578 713 100 360 201 545 730 283 517 187 305 736 354 506 470 454 329 235 264 66 360 686 67 781 636 961 511 121 717 250 931 77 18 428 699 376 137 809 829 15 422 915 144 958 773 853 662 445 68 909 813 629 409 58 193 848 312 835 17 277 660 801 549 665 774 600 919 877 440 350 512 453 22 152 159 69 344 399 761 407 215 941 942 51 667 39 699 787 576 837 207 468 391 694 529 677 919 360 268 671 435 255 463 384 472 311 754 49 131 577 677 399 760 66 936 673 150 837 381 364 97 645 508 383 365 680 614 403 120 529 527 317 422 421 586 655 533 467 530 923 946 653 324 856 592 404 135 557 459 175 156 721 523 375 751 714 372 131 423 865 815 201 355 151 121 824 704 85 494 354 481 289 513 762 423 52 522 759 800 780 232 874 59 722 933 568 605 839 250 398 598 127 381 932 853 213 77 664 938 925 460 815 52 289 406 261 8 286 918 593 217 933 688 742 460 15 701 3 386 175 756 951 423 441 860 934 530 70 504 931 753 855 632 510 867 855 344 290 192 850 777 755 278 412 282 502 565 824 737 638 347 618 577 690 429 195 902 4 480 194 846 350 534 943 266 462 182 450 531 282 371 188 925 222 375 900 638 927 955 87 31 471 156 129 322 11 73 615 632 820 954 933 898 207 340 569 660 250 62 117 220 894 755 245 907 695 717 617 238 396 210 699 456 647 196 506 398 49 238 281 758 786 744 536 277 689 238 560 27 476 143 534 104 447 202 51 685 212 857 893 103 942 196 185 472 577 127 102 856 910 444 728 694 649 77 278 241 406 362 926 714 589 480 139 230 6 611 694 913 165 375 184 634 76 547 672 145 621 132 103 956 609 283 818 471 370 595 405 405 842 379 636 356 292 250 423 266 409 598 138 658 969 5 733 744 919 598 308 699 718 21 137 278 402 696 20 772 275 54 572 745 97 664 342 851 811 147 560 323 90 583 331 753 878 853 120 508 257 355 666 163 574 725 908 539 643 657 105 726 682 286 861 506 202 255 452 795 330 922 69 238 479 503 151 941 140 916 769 952 619 682 602 869 470 279 432 118 62 519 685 671 772 527 84 562 783 75 952 798 951 1 845 865 290 187 882 869 95 630 856 206 118 924 703 169 747 686 178 21 277 516 329 375 393 347 646 916 751 256 148 212 851 424 484 891 691 632 298 636 823 488 602 432 249 268 194 528 89 408 326 214 719 490 305 586 422 134 66 355 304 558 247 458 313 179 805 626 804 99 440 20 646 24 748 49 472 578 221 661 505 582 690 115 333 807 369 474 604 823 386 352 473 405 486 564 773 404 266 639 613 383 212 28 706 574 491 604 137 157 225 402 764 94 829 598 805 250 371 659 342 756 329 320 248 571 578 421 506 441 307 410 67 155 598 496 782 116 591 780 525 190 132 436 227 712 492 644 153 249 249 782 674 188 566 170 240 569 285 169 453 14 177 204 659 283 627 451 340 747 37 689 410 93 585 642 527 100 414 501 135 620 623 753 389 251 703 519 470 40 109 139 386 389 730 637 413 319 672 422 606 484 183 544 634 455 72 381 600 333 303 585 446 341 606 324 384 733 54 602 26 81 384 382 700 720 687 302 468 479 290 71 321 196 44 446 384 446 414 569 395 246 492 448 470 669 288 124 348 46 641 232 202 588 387 609 642 264 628 485 378 114 24 652 363 637 265 564 112 681 657 152 172 637 288 603 442 548 366 388 80 534 205 662 345 323 352 225 409 116 420 240 570 393 378 337 213 526 11 126 223 279 66 533 109 473 349 401 573 516 566 307 11 395 361 492 34 282 407 612 90 163 474 357 197 134 83 543 126 70 569 491 598 109 382 381 463 413 169 153 171 152 282 139 62 291 240 362 419 23 294 20 23 287 201 455 72 300 236 21 213 521 406 442 420 241 321 318 23 543 179 44 15 170 59 343 563 177 489 454 543 529 334 535 430 498 75 339 510 41 313 340 66 329 250 449 447 195 240 193 325 97 172 417 69 545 267 488 439 420 38 486 78 125 274 388 99 162 510 63 293 222 421 213 240 51 258 201 114 230 509 221 416 344 109 174 140 215 431 63 429 110 181 149 26 338 304 31 462 251 207 228 263 465 2 18 189 465 163 455 289 119 182 103 385 485 239 163 422 156 228 226 264 207 59 358 451

991 978
733 247 328 33 690 488 890 336 579 700 514 501 532 328 862 786 814 794 575 137 112 837 757 175 896 846 844 671 990 788 787 311 875 846 25 310 6 615 934 233 726 778 840 884 173 889 581 197 756 751 652 378 689 171 361 535 860 32 951 561 399 549 617 843 957 291 323 334 421 270 105 562 43 79 978 720 15 734 133 666 261 643 80 26 716 34 430 23 43 723 485 140 579 832 366 873 212 804 819 344 745 870 716 446 600 590 177 916 386 152 392 895 235 379 230 931 535 794 684 754 435 608 614 827 79 222 591 813 918 136 620 530 596 16 867 667 808 224 799 692 288 135 255 20 512 954 518 267 21 33 582 471 691 346 242 887 97 122 917 69 185 40 792 92 627 278 214 980 595 499 413 185 860 785 453 30 55 278 452 60 876 62 756 748 199 304 154 804 537 817 178 884 738 867 467 932 396 531 493 744 175 625 36 300 882 777 328 323 162 168 368 536 274 535 457 143 670 477 460 614 74 438 417 366 504 589 308 81 114 885 848 223 736 335 117 465 609 161 512 375 611 876 800 973 500 207 666 379 821 919 472 518 224 758 313 41 773 775 157 759 328 453 379 422 320 743 918 85 781 233 490 444 318 471 902 503 37 65 775 276 929 182 512 355 330 731 870 328 814 349 166 655 163 899 648 359 784 13 260 385 871 840 210 677 591 916 837 979 345 423 685 757 206 528 540 32 205 907 22 163 892 623 908 954 901 564 230 113 240 845 802 227 213 791 359 750 872 721 827 601 74 198 311 367 965 757 529 261 801 598 694 367 447 840 95 173 745 522 704 319 139 321 98 169 908 499 53 130 351 136 728 374 624 48 584 452 117 804 176 187 921 185 552 8 904 237 845 321 523 549 258 819 621 136 516 388 537 89 883 978 190 539 965 424 572 711 854 380 934 616 354 746 709 341 39 765 54 922 892 277 200 180 426 756 95 585 336 625 220 664 70 775 238 592 2 529 637 763 497 457 546 376 573 930 713 987 710 742 180 690 966 194 318 614 890 824 130 980 310 194 119 663 568 556 864 205 365 254 725 114 932 637 906 773 176 337 98 718 802 539 54 811 610 759 879 251 427 511 407 488 363 696 793 154 543 690 216 520 469 919 799 374 756 904 854 593 285 166 120 315 421 873 355 861 880 609 244 754 572 957 46 94 810 881 509 905 713 233 946 572 842 807 761 545 164 327 983 448 676 437 69 818 643 287 740 516 562 722 693 974 557 522 124 360 277 487 220 841 447 375 674 162 57 385 243 711 292 950 767 5 464 971 419 565 683 247 671 803 778 772 95 816 612 959 584 896 623 975 754 226 193 863 744 11 548 487 615 430 240 763 387 410 691 865 912 681 250 190 320 158 419 418 571 880 459 302 174 628 688 466 284 911 680 521 302 83 626 436 580 427 36 380 658 15 349 708 167 360 933 251 255 827 972 227 476 837 163 727 129 754 592 774 797 718 35 270 458 501 630 404 282 905 874 925 385 367 537 975 555 368 219 413 387 264 297 411 443 168 723 836 84 451 887 133 275 56 878 312 314 406 825 441 658 850 362 339 561 725 482 494 868 160 488 71 823 3 791 726 167 25 308 652 977 715 321 106 881 346 84 533 23 782 930 576 582 604 59 380 286 660 420 135 288 680 441 888 476 637 940 43 888 510 856 536 300 44 26 322 258 389 701 445 245 575 281 625 277 700 435 577 368 937 233 949 864 95 290 215 310 494 748 282 423 362 746 229 12 120 966 217 178 934 268 841 673 86 812 102 400 357 983 134 972 532 148 342 405 562 685 965 319 133 267 449 438 710 201 229 950 183 209 266 269 182 188 782 591 708 970 835 445 932 801 507 64 271 843 744 34 717 817 195 104 476 224 927 710 915 363 847 435 919 350 82 386 978 852 450 387 844 862 325 953 571 45 196 763 866 584 322 135 849 313 767 628 706 536 351 44 710 985 948 265 654 350 67 935 161 961 775 463 376 92 199 508 613 298 220 947 844 766 413 298 178 952 448 368 848 927 956 884 481 280 952 638 461 170 27 92 780 39 25 811 457 361 941 22 184 231 747 159 2 619 56 430 468 576 921 612 873 520 576 773 890 142 344 823 743 733 476 874 147 873 244 911 189 396 318 427 315 901 272 537 838 53 34 61 808 442 239 207 669 115 629 876 212 62 61 539 856 885 339 520 469 490 327 370 314

999 988
754 626 385 570 633 117 813 239 325 515 567 483 599 835 680 756 879 218 733 737 973 594 39 608 910 674 101 485 128 446 165 28 107 299 856 124 671 482 252 251 472 408 431 154 175 761 691 62 481 923 90 842 40 811 773 846 202 132 381 811 218 651 48 725 773 542 696 138 104 301 879 519 903 690 63 573 337 647 329 538 459 758 538 527 388 663 153 19 305 700 710 265 893 567 19 929 144 156 77 51 601 890 910 879 462 965 621 561 917 311 759 284 458 628 423 154 204 131 538 195 700 841 307 223 305 323 424 829 242 71 343 606 764 90 552 407 425 715 718 771 346 917 119 469 623 223 511 290 438 188 147 902 431 872 463 937 132 591 908 588 842 926 643 549 691 446 261 836 405 309 608 67 318 560 565 944 810 874 34 423 310 616 11 917 66 375 830 397 221 791 288 405 529 365 410 737 753 715 564 877 273 913 467 123 999 864 361 762 614 312 580 237 431 992 699 436 786 513 451 270 434 83 4 281 794 398 318 582 915 29 154 277 983 352 626 722 359 573 120 733 734 893 418 38 581 783 102 793 182 290 47 247 544 222 490 767 13 826 52 859 539 701 894 764 859 454 663 821 695 116 594 204 109 438 881 732 511 25 398 718 427 480 604 121 496 909 532 838 112 700 963 39 931 851 862 381 150 490 52 939 436 975 955 442 489 37 786 311 749 146 944 419 553 121 823 268 155 909 82 788 906 986 146 721 8 803 397 475 762 484 364 109 547 535 141 309 600 635 623 375 772 725 415 60 143 658 357 330 641 41 942 233 575 95 779 115 505 903 877 224 232 159 468 173 138 815 414 649 851 685 382 570 203 242 37 3 605 277 139 166 980 12 543 251 568 134 973 176 636 454 863 67 316 409 540 704 575 222 312 396 476 471 197 999 883 407 548 172 133 768 658 653 63 456 622 787 105 305 798 821 659 767 3 735 150 14 707 772 724 324 786 565 881 364 105 635 829 909 856 294 46 993 704 938 914 59 687 917 441 786 450 471 47 688 614 970 494 470 390 843 183 464 957 289 838 777 360 522 656 17 552 137 12 610 980 552 21 442 473 356 588 721 698 579 312 597 827 373 123 856 635 141 488 639 408 666 560 486 799 110 306 191 175 704 91 711 402 575 938 892 930 374 376 702 276 70 318 702 938 697 344 749 222 386 296 241 383 98 404 175 347 381 781 548 79 387 258 651 124 92 885 88 135 453 963 925 401 303 292 776 851 679 196 590 826 917 248 591 93 266 535 336 385 767 444 761 504 494 88 259 568 340 848 225 72 868 584 344 40 340 309 852 795 302 102 707 595 771 999 795 731 220 77 844 337 538 997 831 145 278 686 635 631 803 679 476 99 363 261 462 228 492 386 259 46 319 324 294 51 934 175 798 426 597 227 107 622 747 264 228 173 873 938 931 583 928 587 160 552 625 370 312 440 149 979 92 215 946 535 334 980 340 73 144 172 547 178 313 707 178 606 818 182 946 900 304 193 332 678 401 654 631 268 96 918 192 149 889 684 339 503 231 765 680 278 902 836 714 471 183 620 324 31 342 979 557 351 989 857 150 427 781 861 132 130 772 600 34 794 512 273 81 802 421 117 422 164 128 829 358 10 880 941 537 188 519 776 55 686 144 363 494 287 54 955 11 885 448 808 729 839 410 278 214 330 605 900 739 643 44 166 39 875 565 137 8 387 648 65 84 453 127 576 90 526 368 252 441 769 399 559 399 616 726 305 884 740 580 510 877 909 166 835 187 352 735 659 86 464 163 521 187 364 896 429 602 343 828 32 32 323 93 596 826 498 136 113 442 7 791 477 362 554 670 58 273 184 25 21 170 498 508 65 160 218 66 816 754 822 54 130 510 483 111 141 408 259 791 61 608 187 660 493 379 757 232 266 265 277 706 831 365 263 18 555 728 515 738 831 665 734 766 507 237 221 412 70 242 595 80 488 403 678 816 446 815 108 551 301 199 622 574 594 51 506 45 359 61 775 217 740 387 123 545 774 124 617 404 316 411 450 57 390 529 138 414 628 62 731 636 611 68 45 74 478 100 47 290 639 554 78 233 351 684 526 137 488 658 512 530 447 572 734 155 690 701 419 580 580 188 507 138 733 149 350 578 31 159 623 692 27 661 98 456 613 648 693 702 630 531 579 327 94 718 226 297 255 378 464 83 238 150 263 462 138 115 87 668 329 106 573 507 291 332 242 682 357 422

974 985
427 407 694 10 517 870 893 754 16 212 210 533 73 623 363 313 767 497 887 972 20 765 421 146 601 504 650 573 121 68 953 720 891 36 622 642 958 514 279 625 749 637 85 360 894 397 828 850 912 470 896 558 307 837 268 310 831 42 747 592 700 816 579 306 516 185 209 307 605 621 570 491 641 719 200 844 106 587 54 133 685 371 884 200 429 282 347 153 147 853 88 963 459 215 467 811 536 159 791 829 313 314 947 143 881 336 578 359 588 932 38 376 230 224 267 691 723 250 249 293 712 668 281 336 823 855 272 499 671 284 667 391 436 710 485 698 496 727 340 58 612 429 691 146 165 357 638 435 741 205 632 967 351 287 468 939 394 294 591 330 644 281 13 947 792 629 752 100 357 485 816 184 886 456 881 540 393 482 616 900 828 132 356 625 920 606 312 770 793 88 215 739 873 962 837 726 131 196 571 604 88 845 308 969 201 623 739 878 567 625 596 212 917 179 681 904 117 144 459 170 888 85 245 841 408 328 187 970 180 627 47 734 277 566 688 381 89 537 391 223 603 315 903 628 533 438 527 318 675 440 745 113 703 848 550 841 922 305 234 564 473 488 78 199 421 94 173 409 938 737 967 718 323 487 497 645 2 205 953 780 98 545 604 225 726 381 268 79 555 218 86 750 523 925 371 224 838 445 920 638 898 590 526 695 398 585 123 68 776 112 117 250 828 500 362 786 52 91 629 735 736 427 529 457 441 177 608 263 264 884 303 283 813 765 849 793 485 774 408 802 489 712 371 237 209 813 46 709 468 848 65 955 532 68 364 218 33 252 182 211 946 430 62 649 867 580 395 487 245 715 470 268 781 291 841 865 68 972 135 453 825 379 407 724 143 412 222 409 628 164 664 499 479 318 794 818 726 421 538 230 379 919 914 159 767 699 279 601 948 918 873 295 381 362 425 410 604 721 596 911 159 956 18 688 262 225 254 416 496 299 492 473 60 310 7 334 694 688 415 926 97 446 281 26 651 925 303 582 678 860 105 723 813 360 662 414 821 493 851 855 671 324 652 652 380 729 339 87 607 288 347 383 798 350 281 841 406 483 942 175 733 637 348 538 574 596 688 338 157 19 471 685 49 167 793 623 889 385 172 784 180 537 74 920 507 728 351 636 767 13 571 947 845 440 677 958 39 503 1 632 914 906 276 362 971 650 823 307 571 418 20 87 373 155 814 747 374 120 94 179 903 63 835 169 171 95 842 138 745 330 491 573 83 299 310 746 22 739 210 885 780 855 3 103 695 708 646 754 332 135 938 116 14 627 771 744 197 573 610 453 172 720 765 492 823 93 864 473 715 611 80 623 821 555 498 609 189 807 804 255 386 160 759 715 140 81 391 801 767 262 751 421 503 643 751 889 893 25 857 76 513 926 940 542 442 76 390 500 671 856 730 863 4 912 915 469 786 759 59 158 514 658 385 543 281 856 175 716 299 28 181 673 3 891 414 910 409 426 700 360 742 407 233 370 660 448 522 651 598 468 813 827 922 136 590 281 517 205 477 749 520 330 546 440 472 908 878 729 581 894 497 142 201 652 452 628 11 144 315 853 340 339 658 70 370 88 602 826 198 514 581 844 45 504 631 40 330 81 117 394 551 461 571 144 255 819 548 940 258 974 228 972 191 916 825 230 15 573 590 491 958 552 972 900 655 802 556 910 575 207 614 284 419 798 106 771 741 881 343 429 836 91 320 239 800 296 616 935 159 518 942 255 147 274 743 156 375 102 648 360 275 14 226 363 502 922 295 644 210 853 184 699 963 455 300 84 861 698 384 143 219 802 941 389 415 126 92 863 671 518 731 194 657 719 636 10 252 326 833 257 137 196 592 39 555 716 956 274 479 721 463 957 248 809 803 571 776 461 459 248 10 711 779 390 336 936 86 260 169 756 66 479 552 345 676 271 555 850 140 117 616 792 823 196 412 175 800 530 52 208 8 510 828 683 748 598 115 478 102 640 422 273 769 278 536 216 876 464 547 316 83 528 737 756 720 295 849 891 386 545 565 25 392 155 198 184 139 183 776 76 823 421 675 219 416 378 266 11 260 478 150 547 168 283 203 786 10 707 74 383 62 857 260 43 517 504 541 58 224 96 788 89 500 596 826 425 292 433 256 840 422 314 114 304 834 147 700 358 314 829 220 751 198 227 642 566 329 728 153 364 273 223 443 444 333 121 388 140 572 384 520 273 620 376 569

994 991
829 791 959 307 342 84 70 655 561 2 738 846 691 560 24 455 220 795 732 76 752 984 628 111 720 98 6 356 298 771 677 593 590 894 568 506 761 501 564 740 448 603 108 944 954 412 927 460 346 338 560 279 192 930 803 194 526 697 899 971 159 754 287 184 950 723 799 394 277 352 836 355 509 337 368 797 496 678 64 217 531 23 547 36 265 538 55 976 557 281 454 829 361 415 278 928 253 923 981 747 874 994 276 683 181 527 978 252 170 681 466 973 739 781 90 567 612 415 403 713 965 913 863 468 773 441 181 723 292 914 478 65 514 132 483 73 285 977 146 371 877 787 777 369 74 645 95 132 732 603 31 87 749 898 528 393 385 697 345 538 628 625 78 784 875 801 863 599 111 799 381 530 133 417 960 896 835 483 226 486 665 482 856 722 591 897 991 418 379 306 810 581 338 65 536 879 24 692 920 673 986 785 476 912 513 460 845 479 112 627 699 93 603 577 346 821 332 271 550 323 323 481 656 123 417 525 542 708 48 809 50 597 739 444 537 140 418 297 597 782 400 849 752 942 791 901 5 217 351 98 966 400 32 511 102 864 932 305 349 848 521 915 885 284 561 263 129 946 938 88 543 249 844 50 113 488 842 416 377 800 632 282 779 238 181 48 677 355 950 619 137 105 935 739 922 355 222 180 384 201 551 22 526 830 643 141 476 877 18 452 135 63 161 706 954 344 345 385 960 853 753 830 611 981 635 579 286 958 113 666 628 543 2 9 320 385 903 234 78 859 435 98 972 713 489 452 495 414 188 436 856 96 386 465 634 436 92 158 911 621 358 767 100 474 267 890 675 730 817 149 400 921 313 403 240 893 701 749 762 431 662 214 784 726 864 197 464 354 632 806 948 236 100 256 244 548 693 869 335 325 888 116 147 82 834 986 415 543 465 217 330 952 44 938 436 740 987 591 162 191 910 444 518 960 754 638 678 99 222 769 532 782 210 367 810 872 432 317 656 664 752 182 38 362 868 756 890 492 795 958 951 621 828 983 470 357 937 433 889 252 433 231 814 42 664 265 138 555 182 868 377 801 575 163 459 142 526 786 434 433 64 251 592 425 162 300 963 229 215 523 140 152 130 159 705 606 290 319 281 361 39 155 215 151 215 695 128 365 91 539 150 162 788 661 966 173 373 642 232 601 672 73 464 190 847 965 163 369 927 236 102 768 97 40 420 441 836 155 542 676 487 727 597 392 580 882 214 781 563 376 851 809 495 314 807 135 584 293 478 194 657 25 433 458 914 707 324 6 606 915 73 465 584 39 521 818 310 353 765 40 767 400 516 427 265 345 425 621 751 907 711 451 893 156 775 580 49 857 146 433 304 319 233 482 822 875 639 165 180 112 936 513 194 362 377 55 483 371 923 454 43 874 562 692 93 41 871 232 114 158 322 553 136 151 658 707 174 889 72 193 812 567 559 8 519 863 891 508 369 135 25 742 169 94 500 470 341 727 627 246 418 360 522 1 714 875 346 77 420 21 629 456 728 851 690 437 475 305 137 162 7 65 871 748 725 158 572 791 725 198 506 864 625 683 173 395 320 494 554 824 534 519 303 731 753 533 221 536 71 847 265 704 638 438 383 739 66 113 74 836 121 708 369 248 540 567 471 460 283 227 532 777 271 775 302 225 347 221 539 134 605 577 754 131 337 44 626 291 29 107 21 290 131 702 161 342 494 49 234 796 230 541 285 324 678 500 313 452 227 4 193 589 632 468 75 213 174 773 370 179 482 526 633 388 513 309 558 747 138 28 299 581 244 427 590 263 408 166 696 543 31 457 410 500 8 233 480 227 329 656 41 149 292 126 24 580 271 200 540 237 610 349 115 102 288 432 215 377 482 38 26 347 129 687 369 172 258 623 391 656 412 353 468 271 577 320 517 688 237 544 193 499 645 38 312 689 378 136 682 633 482 40 688 451 14 293 467 290 553 194 444 530 516 178 182 7 606 434 669 275 289 324 587 563 47 314 635 337 572 664 548 481 433 214 277 659 205 632 113 307 655 490 355 484 450 263 94 256 268 398 639 85 464 358 418 177 253 218 470 184 257 519 123 322 624 205 170 331 410 544 38 495 105 326 403 188 31 186 181 26 452 104 443 16 372 4 425 155 86 542 365 242 209 342 429 260 155 521 597 285 22 16 378 310 77 171 148 113 155 557 497 307 104 499 102 330 216 525 57 364 214 351 34 169 91 93 221 411 407 236 346

974 999
773 896 192 172 891 835 453 327 716 468 247 401 66 728 856 331 319 106 277 789 807 898 142 354 293 796 63 586 375 107 885 970 138 211 645 569 65 628 33 252 333 734 781 286 557 714 665 281 360 290 345 144 386 132 31 404 680 187 392 808 159 451 594 219 469 206 34 718 213 248 603 741 690 658 254 3 821 360 291 128 31 491 552 288 353 483 146 244 130 749 502 695 368 965 959 573 728 397 378 546 776 779 739 471 897 357 596 472 888 701 324 130 292 91 798 517 212 547 231 94 544 419 418 674 609 350 743 749 136 102 22 947 779 346 52 733 576 312 615 555 84 812 497 948 179 794 398 245 573 507 899 536 215 510 420 72 165 799 128 691 512 303 958 207 659 810 969 297 837 550 943 603 613 364 159 27 103 102 518 638 54 890 973 703 419 767 333 125 342 251 944 538 830 376 697 606 377 474 830 789 575 919 214 548 478 58 958 473 14 295 466 464 805 79 316 71 614 351 777 573 562 950 89 833 566 103 327 276 523 196 922 14 196 200 749 843 566 6 521 899 307 117 389 323 654 754 790 268 414 87 70 106 69 627 397 704 768 71 591 304 662 394 880 365 500 406 534 779 74 888 968 77 759 422 640 385 382 474 252 93 905 242 871 18 224 154 912 775 960 752 509 905 412 257 366 374 500 689 914 735 669 384 834 872 184 383 1 666 180 930 968 558 687 736 390 844 316 951 309 959 956 78 126 517 952 528 339 9 102 887 769 202 571 800 391 476 109 600 141 57 541 12 147 295 883 952 408 687 613 564 94 762 384 65 737 842 813 721 888 440 550 745 827 842 414 652 908 270 672 170 179 360 834 19 132 301 937 186 537 562 805 861 683 500 82 279 536 733 742 339 564 970 294 452 27 934 122 912 847 611 138 538 934 438 515 761 106 925 720 940 207 690 972 722 243 196 820 131 346 763 908 391 918 168 310 66 535 393 551 12 606 410 388 720 71 56 257 515 752 259 844 805 742 868 320 652 781 437 219 468 67 579 303 393 793 297 894 620 312 4 471 910 775 891 868 935 108 661 429 634 6 19 652 852 179 869 771 73 588 918 528 373 834 349 264 140 954 96 363 516 476 432 512 166 470 971 8 874 120 875 923 452 902 719 644 443 559 486 869 427 146 798 899 743 803 170 890 49 372 942 695 841 220 161 634 227 33 160 58 895 147 256 810 100 128 15 604 419 410 197 459 299 783 735 120 223 109 854 14 338 754 165 611 25 652 955 599 259 156 949 699 832 613 26 966 762 165 957 361 726 776 938 848 256 381 557 268 667 697 944 535 554 284 884 737 904 278 97 916 614 169 9 593 801 312 245 225 735 190 673 33 786 918 115 130 301 528 885 71 268 248 277 185 368 121 948 677 963 829 565 906 627 228 957 421 642 629 677 353 951 257 625 366 211 92 287 11 764 144 143 899 66 38 701 659 108 110 21 433 681 122 72 905 297 241 330 475 640 400 431 894 330 747 73 808 770 146 405 481 765 202 165 51 86 498 332 168 614 702 4 652 872 749 388 510 587 638 128 211 170 196 469 17 82 200 180 536 780 571 729 784 442 482 501 718 601 236 636 559 562 372 704 289 475 723 290 715 575 18 653 671 796 408 695 52 437 307 626 834 6 601 78 552 499 76 398 158 297 807 180 454 823 838 359 637 390 808 234 700 374 581 715 509 256 527 531 189 505 171 512 319 317 86 276 509 5 82 592 316 308 668 270 691 691 72 665 49 62 7 206 705 140 799 378 665 319 8 204 699 251 748 337 705 283 246 470 133 388 404 150 23 156 348 750 359 517 27 145 285 352 407 479 16 382 504 317 195 542 712 251 701 585 64 26 461 29 221 444 471 357 450 725 592 579 222 695 123 18 649 256 181 282 110 711 190 583 643 237 514 484 201 45 100 45 447 494 261 486 530 715 720 143 585 519 654 532 262 222 446 589 111 75 370 170 618 222 328 642 180 559 49 350 270 235 550 655 336 314 198 26 340 344 201 317 35 317 652 627 331 60 341 363 122 470 108 553 548 301 664 40 582 582 463 238 599 483 616 502 83 606 21 218 222 427 548 427 214 627 140 276 409 137 233 33 410 221 213 404 248 366 147 222 72 196 322 612 206 557 263 496 518 611 11 217 436 186 117 610 20 86 513 369 284 435 608 96 419 472 424 198 276 339 348 35 221 246 204 489 482 224 288 59 440 45 243 282 212 519 116 50 513 409 383 364 101 198 162 298 181

976 983
840 868 495 527 11 377 275 45 246 813 244 222 600 821 672 970 663 801 417 831 527 899 961 31 643 688 457 680 697 704 557 911 762 307 700 455 900 725 857 571 320 820 186 899 356 675 411 913 793 636 228 286 412 754 446 946 566 389 431 890 637 263 946 323 597 39 899 638 486 250 901 531 719 577 832 827 374 830 794 825 904 649 391 340 607 742 196 795 636 842 43 641 877 555 37 831 416 631 327 205 834 880 599 103 727 614 819 17 746 731 592 449 794 325 43 658 711 466 195 491 24 595 405 930 549 508 119 422 800 559 767 504 462 414 669 372 163 629 15 897 827 286 113 191 681 567 654 137 454 447 866 340 846 61 554 478 959 530 975 742 684 362 647 281 120 316 682 885 222 764 223 122 842 57 536 244 809 464 667 918 220 135 801 455 170 306 939 741 113 752 378 958 620 788 113 858 853 420 852 340 730 375 238 717 799 362 218 582 44 962 99 799 613 683 465 407 443 191 325 737 523 203 409 186 110 275 349 440 325 697 903 610 539 720 644 529 304 710 316 585 544 448 241 150 278 351 619 784 297 43 14 917 163 400 800 338 13 732 934 887 321 281 167 482 11 528 502 55 333 84 239 209 617 629 609 368 555 75 891 828 96 887 407 123 185 311 801 84 396 878 916 320 818 797 214 501 575 848 409 588 872 388 78 70 494 145 933 185 181 927 420 659 824 500 930 326 268 256 142 855 286 343 53 150 564 812 531 574 594 859 363 77 937 98 398 288 41 313 411 773 714 844 432 974 369 392 23 694 886 252 459 150 471 461 454 120 166 69 340 92 781 540 213 211 462 898 962 889 98 791 854 511 124 954 211 265 891 974 727 705 956 361 269 488 272 922 675 333 376 666 756 963 181 184 534 213 445 894 522 460 892 533 97 442 427 131 398 910 926 319 410 548 57 244 606 488 214 551 257 481 421 773 241 552 688 656 555 869 72 704 78 88 681 16 35 359 687 779 378 582 636 350 626 893 603 818 573 899 530 735 100 361 212 484 574 589 145 597 263 229 367 208 475 37 366 502 330 780 212 862 476 148 838 107 626 5 626 47 635 205 664 611 709 259 90 332 179 454 373 295 421 776 561 691 394 624 627 562 585 636 347 197 575 786 93 276 195 108 633 231 444 373 307 338 143 197 419 522 183 834 724 801 273 714 91 49 52 602 396 327 220 385 723 590 237 688 498 345 26 529 541 713 46 422 610 237 416 651 93 289 99 471 183 144 210 626 140 614 290 318 169 274 673 207 634 738 366 214 395 361 572 218 258 434 662 64 583 278 706 164 735 705 14 449 715 155 76 218 664 393 12 548 320 678 36 247 757 493 439 136 540 509 69 258 167 332 129 739 684 736 614 394 244 82 689 257 410 411 210 573 624 558 261 220 510 117 453 536 247 472 199 547 143 50 603 655 410 712 486 78 536 127 626 179 564 207 260 62 215 169 262 286 349 690 68 596 211 466 641 189 196 83 362 489 7 645 372 567 76 144 248 70 401 573 654 69 590 380 45 664 142 671 557 140 345 641 24 273 393 255 212 45 559 470 196 75 65 119 644 356 538 315 74 174 180 553 189 105 607 629 452 447 513 473 425 267 227 603 161 120 398 127 64 303 187 365 457 424 580 429 249 563 365 373 297 459 408 327 324 438 606 239 477 538 441 144 159 394 407 395 291 297 403 581 330 273 341 532 306 163 67 478 511 300 349 208 459 368 220 20 437 64 581 171 241 119 157 119 326 326 400 201 247 222 240 339 545 413 302 429 41 150 70 3 228 485 136 111 468 160 251 469 413 83 407 269 533 388 401 75 403 433 222 218 333 168 232 5 173 161 48 279 141 471 51 250 43 416 480 53 74 441 43 50 26 395 139 244 400 481 375 462 17 468 360 218 154 149 459 346 182 218 8 232 1 290 239 152 222 344 146 169 482 184 246 65 487 57 338 338 74 209 387 394 86 38 341 107 247 202 148 355 223 164 436 106 225 115 412 446 343 413 250 289 75 422 361 239 252 451 220 403 276 407 214 209 311 275 222 161 285 152 100 235 149 143 105 23 251 79 339 155 160 322 72 197 22 382 179 199 352 171 204 415 81 297 25 229 376 39 152 11 155 295 260 266 151 81 108 48 292 160 398 317 37 281 76 231 230 157 41 153 271 390 274 28 183 344 335 315 280 257 87 15 32 217 352 289 101 362 50 314 258

996 981
72 896 963 67 812 835 118 936 741 279 736 68 619 320 547 463 631 477 441 91 963 334 154 913 203 378 579 610 302 881 684 489 499 9 598 432 313 547 161 321 884 22 824 959 290 627 93 540 229 603 487 795 257 291 148 937 25 730 461 723 232 389 803 793 374 712 832 748 685 323 759 489 603 676 538 108 659 915 134 535 717 628 543 610 904 498 690 464 962 601 193 486 28 104 185 556 321 752 275 905 359 394 27 6 857 469 642 98 6 532 237 601 627 109 249 362 121 425 430 799 276 187 755 74 994 975 101 339 907 476 698 669 58 762 377 520 329 138 823 798 412 213 560 730 873 779 271 580 889 973 349 398 883 26 343 182 257 992 587 742 58 325 648 747 512 705 775 658 889 467 295 608 911 663 113 272 636 5 96 687 261 176 806 322 149 798 176 406 669 513 11 90 856 11 52 879 10 25 310 708 454 299 805 614 980 740 332 257 50 709 309 397 948 921 678 269 951 679 767 308 210 843 75 581 549 927 797 851 710 825 24 220 648 829 30 879 382 911 953 224 157 550 614 369 924 251 847 202 816 105 627 463 193 293 578 605 207 23 769 164 226 918 345 420 310 212 643 153 373 121 193 940 235 368 981 760 720 89 721 354 9 625 287 261 542 745 319 750 435 190 845 511 65 506 551 240 659 911 238 677 119 975 50 100 138 402 436 365 211 786 447 525 375 988 795 967 942 937 706 654 947 636 123 895 775 659 35 438 678 951 495 138 514 828 373 11 486 396 709 344 199 172 312 137 861 642 862 930 340 337 495 553 108 629 920 596 459 731 445 487 658 210 711 762 178 423 708 497 497 783 127 931 701 253 74 12 367 288 227 867 201 885 993 620 1 767 580 253 323 560 236 412 168 398 280 775 299 92 395 421 480 981 995 534 365 51 376 122 579 616 183 978 296 650 511 737 42 556 575 744 929 684 423 265 469 533 468 155 792 933 8 526 791 381 241 95 698 543 96 181 1 575 238 579 821 666 942 287 332 546 224 247 320 818 673 743 870 310 514 688 430 844 244 500 6 23 626 702 594 449 46 423 253 181 719 908 311 281 893 516 389 128 913 790 627 59 431 865 634 484 949 153 151 23 170 382 124 777 303 106 397 790 239 566 355 891 592 19 796 34 957 660 54 122 376 431 399 102 751 971 342 745 181 886 650 96 141 541 254 889 857 958 930 463 251 924 280 976 498 780 317 94 811 540 226 159 147 122 53 461 757 332 503 650 982 933 928 87 500 538 467 181 292 270 218 756 154 897 286 513 276 287 5 334 714 450 219 236 767 726 909 917 121 346 923 810 573 941 666 460 617 856 246 121 669 652 107 62 140 96 853 149 340 965 397 79 492 681 810 982 255 753 31 64 738 786 385 944 437 588 258 334 969 566 961 409 903 401 272 80 268 760 858 775 29 714 797 707 337 198 222 721 227 363 334 846 786 228 339 346 376 639 442 533 367 475 82 70 861 91 20 698 908 428 390 194 93 406 91 698 45 786 988 947 634 527 911 898 699 804 810 782 477 530 933 287 32 137 654 97 665 579 744 715 119 701 640 695 849 750 318 214 956 9 410 228 684 527 248 431 98 221 352 415 146 321 64 556 848 146 666 798 201 129 824 604 133 9 806 113 178 292 389 530 638 653 78 510 435 917 182 277 456 564 366 526 802 610 618 619 309 503 505 596 333 144 491 266 476 495 406 32 695 378 737 216 19 536 912 53 982 636 339 361 445 416 854 859 30 605 288 267 144 322 405 862 84 792 267 655 130 25 866 13 162 152 310 179 976 971 353 312 238 595 886 752 592 158 514 931 647 273 293 275 714 235 86 283 574 836 822 571 53 273 593 956 735 460 492 192 945 740 918 531 341 96 749 388 601 798 241 855 595 818 840 930 143 825 866 86 552 812 775 91 32 547 843 926 479 727 731 779 694 35 952 727 627 322 751 865 128 331 781 89 477 836 693 848 857 844 86 400 572 409 698 275 931 951 249 71 672 630 403 716 462 697 619 478 442 21 807 201 877 100 826 372 302 680 651 928 197 49 187 670 121 763 229 319 114 532 829 178 41 543 350 869 677 781 302 772 215 154 375 652 844 447 124 900 319 29 160 261 713 427 4 746 124 878 441 885 858 886 660 256 670 246 524 356 411 859 877 673 631 715 616 827 780 587 849 240 494 818 423 864 229 495 176 604 104 450 717
